89,90,90,90,50,53,51,42,39,90,89,88,87,86,85,84,89,88,37,36,35,35,90
90,90,90,56,57,54,52,45,40,86,87,82,81,80,81,83,90,87,77,65,66,67,68
55,8,7,6,62,63,64,65,66,67,90,89,88,87,86,85,84,86,82,81,79,76,69
54,54,55,56,76,75,74,73,66,67,76,77,78,79,80,81,84,85,79,80,78,77,39
52,53,37,57,77,69,66,72,33,68,75,72,31,30,81,82,83,41,40,85,55,52,40
26,52,51,58,78,70,62,71,70,69,74,77,78,79,80,60,59,58,39,38,37,51,43
25,24,26,90,79,73,77,78,79,58,85,76,79,78,64,90,89,88,87,86,85,45,44
90,64,90,89,80,74,76,81,80,59,74,75,90,72,71,20,45,56,31,70,84,60,61
66,88,89,66,89,90,69,82,71,86,87,88,89,73,70,21,46,73,72,71,83,82,81
67,87,69,83,82,87,73,83,84,85,61,76,75,74,69,22,47,74,3,14,13,19,80
80,86,85,84,76,87,88,89,90,83,60,65,66,67,68,23,48,75,4,76,77,78,79
81,82,83,84,85,86,59,16,86,84,89,90,87,10,11,12,49,76,5,75,74,73,72
90,14,86,87,88,89,90,19,87,85,62,63,86,85,84,83,50,77,67,68,69,70,71
44,45,85,72,73,74,75,76,90,86,61,89,53,54,55,82,35,78,7,90,0,23,51
43,42,84,22,2,3,56,89,89,55,43,86,52,84,56,90,89,79,16,17,28,29,52
90,70,83,68,67,66,79,90,63,62,61,60,59,58,57,81,88,79,57,56,55,54,53
87,88,82,78,75,72,80,56,57,6,34,35,50,37,19,22,87,78,77,76,75,74,73
86,81,81,77,76,71,81,50,43,44,33,84,49,38,39,82,86,61,60,58,57,56,55
85,82,90,68,73,29,82,49,70,45,46,47,48,45,46,47,85,61,50,51,52,53,54
84,83,89,61,60,48,83,48,47,46,45,44,43,44,27,26,84,62,68,69,70,71,72
90,5,88,87,86,85,84,73,72,71,70,69,68,67,66,65,64,63,79,78,77,76,90
90,6,7,8,9,46,45,38,39,40,27,26,25,24,19,20,27,22,23,90,90,75,90
90,90,90,90,57,78,44,43,42,41,28,5,4,31,32,90,26,25,24,90,90,74,90